|FrEquEncy|Flux DEnsity|UppEr limit of uncErtainty|LowEr limit of uncErtainty|
|doublE   |doublE      |doublE                    |doublE                    |
|Hz       |Jy          |                          |                          |
|         |            |                          |                          |
  1.00E+07 2.100000E+02                   7.80E+01                   7.80E+01 
  1.26E+07 4.000000E+02                   9.60E+01                   9.60E+01 
  1.26E+07 4.000000E+02                   9.60E+01                   9.60E+01 
  1.47E+07 4.300000E+02                   8.17E+01                   8.17E+01 
  1.47E+07 4.300000E+02                   8.20E+01                   8.20E+01 
  1.67E+07 2.800000E+02                   4.80E+01                   4.80E+01 
  1.67E+07 2.800000E+02                   4.76E+01                   4.76E+01 
  2.00E+07 2.200000E+02                   3.52E+01                   3.52E+01 
  2.00E+07 2.200000E+02                   3.50E+01                   3.50E+01 
  2.22E+07 1.300000E+02                   1.50E+01                   1.50E+01 
  2.23E+07 1.300000E+02                   1.00E+01                   1.00E+01 
  2.63E+07 1.320000E+02                   1.00E+01                   1.00E+01 
  2.63E+07 1.320000E+02                   1.00E+01                   1.00E+01 
  3.80E+07 9.560000E+01                   9.56E+00                   9.56E+00 
  3.80E+07 8.100000E+01                   1.21E+01                   1.21E+01 
  6.00E+07 4.900000E+01                   3.00E+00                   3.00E+00 
  7.38E+07 4.740000E+01                   4.80E+00                   4.80E+00 
  8.60E+07 3.070000E+01                   3.40E+00                   3.40E+00 
  1.78E+08 1.920000E+01                   9.59E-01                   9.59E-01 
  1.78E+08 1.760000E+01                   1.76E+00                   1.76E+00 
  1.78E+08 1.720000E+01                   1.38E+00                   1.38E+00 
  3.65E+08 1.020000E+01                   1.60E-01                   1.60E-01 
  4.08E+08 8.950000E+00                   2.80E-01                   2.80E-01 
  7.50E+08 4.660000E+00                   1.76E-01                   1.76E-01 
  7.50E+08 4.500000E+00                   2.30E-01                   2.30E-01 
  7.50E+08 4.660000E+00                   6.00E-02                   6.00E-02 
  1.40E+09 2.440000E+00                   6.20E-02                   6.20E-02 
  1.40E+09 9.500000E-01                   2.85E-02                   2.85E-02 
  1.40E+09 2.560000E+00                   5.00E-02                   5.00E-02 
  1.40E+09 2.500000E+00                   1.20E-01                   1.20E-01 
  2.70E+09 1.230000E+00                   6.00E-02                   6.00E-02 
  2.70E+09 1.240000E+00                   4.00E-02                   4.00E-02 
  4.85E+09 6.770000E-01                   1.02E-01                   1.02E-01 
  4.85E+09 6.870000E-01                   9.50E-02                   9.50E-02 
  5.00E+09 6.550000E-01                   4.00E-02                   4.00E-02 
  5.00E+09 6.600000E-01                   1.00E-01                   1.00E-01 
  1.07E+10 2.810000E-01                   2.80E-02                   2.80E-02 
  1.07E+10 2.400000E-01                   3.00E-02                   3.00E-02 
  1.49E+10 2.100000E-01                   2.00E-02                   2.00E-02 
  4.20E+12 2.530000E-02                   5.06E-03                   5.06E-03 
  4.20E+12 2.510000E-02                   6.40E-03                   6.40E-03 
  1.27E+13 1.550000E-02                   1.60E-03                   1.60E-03 
  1.27E+13 1.230000E-02                   1.43E-03                   1.43E-03 
  1.27E+13 1.620000E-02                   7.65E-05                   7.65E-05 
  1.27E+13 1.530000E-02                   6.18E-05                   6.18E-05 
  2.00E+13 2.160000E-02                   7.00E-04                   7.00E-04 
  4.28E+13 6.960000E-03                   7.00E-05                   7.00E-05 
  7.96E+13 2.340000E-03                   2.26E-04                   2.26E-04 
  1.37E+14 1.510000E-03                   4.22E-05                   4.22E-05 
  1.39E+14 1.780000E-03                   2.41E-04                   2.41E-04 
  1.39E+14 1.670000E-03                   9.85E-05                   9.85E-05 
  1.80E+14 1.380000E-03                   1.02E-04                   1.02E-04 
  1.80E+14 1.740000E-03                   1.08E-04                   1.08E-04 
  1.84E+14 1.320000E-03                   3.70E-05                   3.70E-05 
  2.40E+14 1.820000E-03                   3.38E-05                   3.38E-05 
  2.43E+14 2.020000E-03                   1.73E-04                   1.73E-04 
  2.43E+14 1.780000E-03                   1.13E-04                   1.13E-04 
